<?xml version="1.0" encoding="utf-8"?>
<COLLADA xmlns="http://www.collada.org/2005/11/COLLADASchema" version="1.4.1">
  <asset>
    <contributor>
      <author>Mixamo</author>
      <authoring_tool>COLLADA Mixamo exporter</authoring_tool>
      <comments/>
    </contributor>
    <created>2022-11-23T16:32:01Z</created>
    <modified>2022-11-23T16:32:01Z</modified>
    <revision/>
    <title/>
    <unit meter="0.010000"/>
    <up_axis>Y_UP</up_axis>
  </asset>
  <library_animations>
    <animation id="mixamorig_Hips-anim" name="mixamorig_Hips">
      <source id="mixamorig_Hips-Matrix-animation-input">
        <float_array id="mixamorig_Hips-Matrix-animation-input-array" count="58">

0.000000 0.033333 0.066667 0.100000 0.133333 0.166667 0.200000 0.233333 0.266667 0.300000 0.333333 0.366667 0.400000 0.433333 0.466667 0.500000
0.533333 0.566667 0.600000 0.633333 0.666667 0.700000 0.733333 0.766667 0.800000 0.833333 0.866667 0.900000 0.933333 0.966667 1.000000 1.033333
1.066667 1.100000 1.133333 1.166667 1.200000 1.233333 1.266667 1.300000 1.333333 1.366667 1.400000 1.433333 1.466667 1.500000 1.533333 1.566667
1.600000 1.633333 1.666667 1.700000 1.733333 1.766667 1.800000 1.833333 1.866667 1.900000</float_array>
        <technique_common>
          <accessor source="#mixamorig_Hips-Matrix-animation-input-array" count="58">
            <param name="TIME" type="float"/>
          </accessor>
        </technique_common>
      </source>
      <source id="mixamorig_Hips-Matrix-animation-output-transform">
        <float_array id="mixamorig_Hips-Matrix-animation-output-transform-array" count="928">

0.770862 0.085972 -0.631174 -0.462766 0.077908 0.970688 0.227367 42.044418 0.632220 -0.224442 0.741569 -0.962525 0.000000 0.000000 0.000000 1.000000
0.718809 0.069298 -0.691745 -0.870778 0.074195 0.981690 0.175442 44.293388 0.691237 -0.177433 0.700506 -2.117766 0.000000 0.000000 0.000000 1.000000
0.662481 0.048328 -0.747518 -1.200830 0.066555 0.990173 0.122999 48.385235 0.746116 -0.131236 0.652754 -3.429415 0.000000 0.000000 0.000000 1.000000
0.604139 0.017651 -0.796683 -1.616593 0.059896 0.995921 0.067486 55.590954 0.794624 -0.088489 0.600618 -5.148089 0.000000 0.000000 0.000000 1.000000
0.545202 -0.023315 -0.837981 -2.151706 0.056322 0.998373 0.008867 63.382126 0.836411 -0.052031 0.545628 -7.226581 0.000000 0.000000 0.000000 1.000000
0.486298 -0.072105 -0.870813 -2.709337 0.054734 0.997146 -0.051999 69.241196 0.872077 -0.022376 0.488857 -9.441154 0.000000 0.000000 0.000000 1.000000
0.491026 -0.086490 -0.866841 -2.978314 0.068185 0.995822 -0.060735 73.164604 0.868472 -0.029283 0.494872 -11.690185 0.000000 0.000000 0.000000 1.000000
0.495697 -0.101638 -0.862528 -3.161761 0.080390 0.994235 -0.070957 75.841003 0.864767 -0.034166 0.501010 -13.671637 0.000000 0.000000 0.000000 1.000000
0.500385 -0.118436 -0.857664 -3.311072 0.090366 0.992333 -0.084311 77.496643 0.861074 -0.035316 0.507251 -15.273124 0.000000 0.000000 0.000000 1.000000
0.505137 -0.137119 -0.852077 -3.358741 0.097196 0.990055 -0.101702 78.349258 0.857548 -0.031445 0.513441 -16.395180 0.000000 0.000000 0.000000 1.000000
0.510010 -0.157966 -0.845539 -3.275737 0.099791 0.987221 -0.124243 78.625412 0.854360 -0.021012 0.519256 -17.089443 0.000000 0.000000 0.000000 1.000000
0.515168 -0.181539 -0.837643 -3.131004 0.097735 0.983379 -0.153015 78.644356 0.851499 -0.003039 0.524348 -17.384228 0.000000 0.000000 0.000000 1.000000
0.520884 -0.208269 -0.827831 -2.994527 0.090502 0.977788 -0.189050 78.614006 0.848816 0.023553 0.528163 -17.275614 0.000000 0.000000 0.000000 1.000000
0.528716 -0.244350 -0.812866 -2.967947 0.068509 0.966828 -0.246071 78.368652 0.846029 0.074413 0.527918 -16.702446 0.000000 0.000000 0.000000 1.000000
0.546195 -0.272348 -0.792148 -2.960039 0.037620 0.952691 -0.301605 77.876617 0.836813 0.134935 0.530600 -15.734799 0.000000 0.000000 0.000000 1.000000
0.582817 -0.265847 -0.767887 -2.763585 0.005568 0.946255 -0.323373 77.251328 0.812584 0.184191 0.552974 -14.488054 0.000000 0.000000 0.000000 1.000000
0.623238 -0.251276 -0.740564 -2.571472 -0.018857 0.941870 -0.335449 76.474007 0.781805 0.223029 0.582271 -12.963463 0.000000 0.000000 0.000000 1.000000
0.658826 -0.237982 -0.713662 -2.520454 -0.032402 0.938789 -0.342966 75.590775 0.751597 0.249080 0.610787 -11.198116 0.000000 0.000000 0.000000 1.000000
0.696648 -0.221482 -0.682369 -2.614938 -0.042763 0.936641 -0.347671 74.602386 0.716137 0.271384 0.643038 -9.132910 0.000000 0.000000 0.000000 1.000000
0.732639 -0.201865 -0.649993 -2.714644 -0.050894 0.936082 -0.348080 73.519730 0.678712 0.288098 0.675536 -6.797606 0.000000 0.000000 0.000000 1.000000
0.763667 -0.181879 -0.619461 -2.754842 -0.057427 0.936558 -0.345777 72.356506 0.643051 0.299633 0.704774 -4.221391 0.000000 0.000000 0.000000 1.000000
0.793564 -0.163199 -0.586192 -2.735452 -0.060819 0.937264 -0.343275 71.138985 0.605439 0.308062 0.733854 -1.414247 0.000000 0.000000 0.000000 1.000000
0.822120 -0.149332 -0.549381 -2.681671 -0.058994 0.937445 -0.343097 69.874634 0.566250 0.314477 0.761883 1.620342 0.000000 0.000000 0.000000 1.000000
0.846949 -0.141940 -0.512377 -2.533334 -0.055652 0.934744 -0.350936 68.574837 0.528754 0.325740 0.783781 4.898685 0.000000 0.000000 0.000000 1.000000
0.869989 -0.135541 -0.474075 -2.320322 -0.055725 0.928287 -0.367665 67.268402 0.489912 0.346283 0.800047 8.427616 0.000000 0.000000 0.000000 1.000000
0.888903 -0.128484 -0.439707 -2.086409 -0.057981 0.920585 -0.386213 65.991730 0.454410 0.368801 0.810862 12.181311 0.000000 0.000000 0.000000 1.000000
0.900993 -0.124856 -0.415479 -1.803262 -0.062926 0.909953 -0.409910 64.783623 0.429246 0.395470 0.812004 16.181288 0.000000 0.000000 0.000000 1.000000
0.912228 -0.118635 -0.392129 -1.426199 -0.073018 0.894747 -0.440563 63.348415 0.403123 0.430526 0.807551 20.450397 0.000000 0.000000 0.000000 1.000000
0.924849 -0.109017 -0.364375 -0.916313 -0.083837 0.876041 -0.474893 61.602573 0.370979 0.469752 0.801066 24.958855 0.000000 0.000000 0.000000 1.000000
0.935699 -0.103349 -0.337323 -0.259221 -0.089145 0.855845 -0.509493 59.533623 0.341351 0.506803 0.791600 29.669924 0.000000 0.000000 0.000000 1.000000
0.945043 -0.102284 -0.310535 0.702777 -0.087903 0.835342 -0.542657 56.640461 0.314908 0.540131 0.780443 34.636063 0.000000 0.000000 0.000000 1.000000
0.954362 -0.101833 -0.280756 1.601189 -0.081552 0.815487 -0.573001 52.770813 0.287303 0.569747 0.769965 38.398685 0.000000 0.000000 0.000000 1.000000
0.963059 -0.104060 -0.248373 2.547032 -0.070155 0.793523 -0.604483 48.263878 0.259992 0.599578 0.756909 42.472298 0.000000 0.000000 0.000000 1.000000
0.970698 -0.100567 -0.218248 3.600349 -0.061791 0.773219 -0.631121 42.552032 0.232224 0.626114 0.744348 46.880722 0.000000 0.000000 0.000000 1.000000
0.975320 -0.096130 -0.198770 4.797855 -0.060557 0.749260 -0.659501 36.340172 0.212328 0.655262 0.724947 51.283119 0.000000 0.000000 0.000000 1.000000
0.979631 -0.093159 -0.177889 4.662180 -0.055611 0.725365 -0.686115 30.823105 0.192952 0.682032 0.705409 54.980675 0.000000 0.000000 0.000000 1.000000
0.990739 -0.109467 -0.080337 3.560674 0.008437 0.640142 -0.768211 26.808916 0.135521 0.760418 0.635136 58.760292 0.000000 0.000000 0.000000 1.000000
0.997114 -0.073432 0.019261 1.412473 0.052675 0.486509 -0.872086 23.310741 0.054668 0.870584 0.488973 61.979618 0.000000 0.000000 0.000000 1.000000
0.995149 -0.045959 0.086982 -1.386365 0.097327 0.331087 -0.938567 20.502411 0.014338 0.942480 0.333954 65.193253 0.000000 0.000000 0.000000 1.000000
0.984892 0.005839 0.173072 -3.831086 0.169612 0.169029 -0.970907 17.130011 -0.034923 0.985594 0.165485 68.950607 0.000000 0.000000 0.000000 1.000000
0.956855 0.077336 0.280085 -5.644812 0.281113 -0.002531 -0.959671 13.298128 -0.073508 0.997002 -0.024162 73.060928 0.000000 0.000000 0.000000 1.000000
0.929655 0.049851 0.365042 -7.818599 0.368278 -0.097239 -0.924617 12.123867 -0.010597 0.994012 -0.108758 76.349373 0.000000 0.000000 0.000000 1.000000
0.914865 -0.002445 0.403753 -10.268181 0.396465 -0.183797 -0.899463 12.814363 0.076408 0.982961 -0.167181 79.515533 0.000000 0.000000 0.000000 1.000000
0.916189 -0.023575 0.400051 -12.286077 0.391435 -0.161288 -0.905961 14.305872 0.085881 0.986626 -0.138542 82.733810 0.000000 0.000000 0.000000 1.000000
0.926072 0.018077 0.376913 -13.740319 0.376642 -0.105290 -0.920356 15.805134 0.023048 0.994277 -0.104315 85.016380 0.000000 0.000000 0.000000 1.000000
0.941436 0.058968 0.331996 -14.990196 0.335701 -0.071397 -0.939259 16.651724 -0.031682 0.995703 -0.087011 86.172546 0.000000 0.000000 0.000000 1.000000
0.951002 0.077777 0.299242 -15.991006 0.305079 -0.078863 -0.949056 16.522980 -0.050215 0.993847 -0.098727 87.301750 0.000000 0.000000 0.000000 1.000000
0.952979 0.077041 0.293080 -16.705578 0.298949 -0.080703 -0.950850 15.788706 -0.049602 0.993756 -0.099940 88.249237 0.000000 0.000000 0.000000 1.000000
0.950028 0.076283 0.302700 -17.016319 0.308185 -0.074871 -0.948376 14.923042 -0.049681 0.994271 -0.094639 88.953232 0.000000 0.000000 0.000000 1.000000
0.951195 0.071142 0.300279 -16.925602 0.304745 -0.063397 -0.950322 14.391971 -0.048571 0.995449 -0.081983 89.052849 0.000000 0.000000 0.000000 1.000000
0.963263 0.061295 0.261472 -16.617527 0.264843 -0.055387 -0.962699 14.291234 -0.044526 0.996582 -0.069585 88.494003 0.000000 0.000000 0.000000 1.000000
0.974804 0.050879 0.217184 -16.065630 0.219961 -0.057389 -0.973819 14.233788 -0.037083 0.997055 -0.067135 87.892059 0.000000 0.000000 0.000000 1.000000
0.981890 0.044630 0.184121 -15.223379 0.186514 -0.057199 -0.980786 14.263718 -0.033241 0.997365 -0.064488 87.253082 0.000000 0.000000 0.000000 1.000000
0.984045 0.040117 0.173341 -14.669996 0.175297 -0.051856 -0.983149 14.630532 -0.030453 0.997848 -0.058061 87.157227 0.000000 0.000000 0.000000 1.000000
0.986150 0.037812 0.161488 -14.139695 0.163327 -0.052026 -0.985199 14.802283 -0.028850 0.997930 -0.057481 86.945404 0.000000 0.000000 0.000000 1.000000
0.989279 0.029892 0.142945 -13.628983 0.144116 -0.041614 -0.988685 14.798115 -0.023605 0.998687 -0.045475 86.863373 0.000000 0.000000 0.000000 1.000000
0.992403 0.023184 0.120829 -13.321238 0.121420 -0.026051 -0.992259 14.497078 -0.019857 0.999392 -0.028669 86.852371 0.000000 0.000000 0.000000 1.000000
0.994436 0.021518 0.103119 -13.232005 0.103472 -0.015959 -0.994504 14.147776 -0.019754 0.999641 -0.018097 86.838043 0.000000 0.000000 0.000000 1.000000</float_array>
        <technique_common>
          <accessor source="#mixamorig_Hips-Matrix-animation-output-transform-array" count="58" stride="16">
            <param type="float4x4"/>
          </accessor>
        </technique_common>
      </source>
      <source id="mixamorig_Hips-Interpolations">
        <Name_array id="mixamorig_Hips-Interpolations-array" count="58">
 LINEAR LINEAR LINEAR LINEAR LINEAR LINEAR LINEAR LINEAR LINEAR LINEAR LINEAR
LINEAR LINEAR LINEAR LINEAR LINEAR LINEAR LINEAR LINEAR LINEAR LINEAR LINEAR LINEAR
LINEAR LINEAR LINEAR LINEAR LINEAR LINEAR LINEAR LINEAR LINEAR LINEAR LINEAR LINEAR
LINEAR LINEAR LINEAR LINEAR LINEAR LINEAR LINEAR LINEAR LINEAR LINEAR LINEAR LINEAR
LINEAR LINEAR LINEAR LINEAR LINEAR LINEAR LINEAR LINEAR LINEAR LINEAR LINEAR</Name_array>
        <technique_common>
          <accessor source="#mixamorig_Hips-Interpolations-array" count="58">
            <param type="name"/>
          </accessor>
        </technique_common>
      </source>
      <sampler id="mixamorig_Hips-Matrix-animation-transform">
        <input semantic="INPUT" source="#mixamorig_Hips-Matrix-animation-input"/>
        <input semantic="OUTPUT" source="#mixamorig_Hips-Matrix-animation-output-transform"/>
        <input semantic="INTERPOLATION" source="#mixamorig_Hips-Interpolations"/>
      </sampler>
      <channel source="#mixamorig_Hips-Matrix-animation-transform" target="mixamorig_Hips/matrix"/>
    </animation>
    <animation id="mixamorig_Spine-anim" name="mixamorig_Spine">
      <source id="mixamorig_Spine-Matrix-animation-input">
        <float_array id="mixamorig_Spine-Matrix-animation-input-array" count="58">

0.000000 0.033333 0.066667 0.100000 0.133333 0.166667 0.200000 0.233333 0.266667 0.300000 0.333333 0.366667 0.400000 0.433333 0.466667 0.500000
0.533333 0.566667 0.600000 0.633333 0.666667 0.700000 0.733333 0.766667 0.800000 0.833333 0.866667 0.900000 0.933333 0.966667 1.000000 1.033333
1.066667 1.100000 1.133333 1.166667 1.200000 1.233333 1.266667 1.300000 1.333333 1.366667 1.400000 1.433333 1.466667 1.500000 1.533333 1.566667
1.600000 1.633333 1.666667 1.700000 1.733333 1.766667 1.800000 1.833333 1.866667 1.900000</float_array>
        <technique_common>
          <accessor source="#mixamorig_Spine-Matrix-animation-input-array" count="58">
            <param name="TIME" type="float"/>
          </accessor>
        </technique_common>
      </source>
      <source id="mixamorig_Spine-Matrix-animation-output-transform">
        <float_array id="mixamorig_Spine-Matrix-animation-output-transform-array" count="928">

0.996999 0.072208 0.027927 0.000000 -0.066480 0.983343 -0.169167 10.871300 -0.039677 0.166803 0.985192 -0.951400 0.000000 0.000000 0.000000 1.000000
0.984117 0.168863 0.054762 -0.000000 -0.161469 0.979662 -0.119123 10.871300 -0.073764 0.108389 0.991368 -0.951400 0.000000 0.000000 0.000000 1.000000
0.974003 0.215362 0.070271 -0.000000 -0.212409 0.976041 -0.047177 10.871300 -0.078747 0.031024 0.996412 -0.951400 0.000000 0.000000 0.000000 1.000000
0.975052 0.210319 0.070993 0.000000 -0.213374 0.976211 0.038528 10.871300 -0.061201 -0.052714 0.996732 -0.951400 0.000000 0.000000 0.000000 1.000000
0.985187 0.161721 0.057040 0.000000 -0.167520 0.978723 0.118485 10.871300 -0.036665 -0.126285 0.991316 -0.951400 0.000000 0.000000 0.000000 1.000000
0.995732 0.086037 0.033397 -0.000000 -0.090578 0.980421 0.174844 10.871300 -0.017700 -0.177123 0.984030 -0.951400 0.000000 0.000000 0.000000 1.000000
0.997829 0.060244 0.026615 -0.000000 -0.063934 0.983055 0.171802 10.871300 -0.015814 -0.173131 0.984772 -0.951400 0.000000 0.000000 0.000000 1.000000
0.997626 0.065776 0.020397 0.000000 -0.068381 0.981260 0.180146 10.871300 -0.008166 -0.181113 0.983428 -0.951400 0.000000 0.000000 0.000000 1.000000
0.996741 0.079413 0.014148 -0.000000 -0.080651 0.977970 0.192537 10.871300 0.001454 -0.193051 0.981188 -0.951400 0.000000 0.000000 0.000000 1.000000
0.995360 0.095396 0.012549 0.000000 -0.095926 0.973715 0.206585 10.871300 0.007488 -0.206830 0.978348 -0.951400 0.000000 0.000000 0.000000 1.000000
0.993095 0.116422 0.014452 0.000000 -0.116748 0.968665 0.219221 10.871300 0.011523 -0.219395 0.975568 -0.951400 0.000000 0.000000 0.000000 1.000000
0.989837 0.141558 0.013572 0.000000 -0.140742 0.961505 0.236008 10.871300 0.020360 -0.235519 0.971656 -0.951400 0.000000 0.000000 0.000000 1.000000
0.984303 0.175849 0.014990 0.000000 -0.173776 0.950852 0.256286 10.871300 0.030815 -0.254868 0.966485 -0.951400 0.000000 0.000000 0.000000 1.000000
0.972364 0.231562 0.029799 0.000000 -0.230139 0.929159 0.289310 10.871300 0.039305 -0.288172 0.956772 -0.951400 0.000000 0.000000 0.000000 1.000000
0.957290 0.285400 0.046295 0.000000 -0.285273 0.906265 0.311933 10.871300 0.047071 -0.311817 0.948975 -0.951400 0.000000 0.000000 0.000000 1.000000
0.952315 0.301992 0.043556 0.000000 -0.301665 0.910481 0.282883 10.871300 0.045771 -0.282533 0.958165 -0.951400 0.000000 0.000000 0.000000 1.000000
0.949832 0.310589 0.036796 0.000000 -0.310156 0.920223 0.238733 10.871300 0.040288 -0.238169 0.970388 -0.951400 0.000000 0.000000 0.000000 1.000000
0.947121 0.319174 0.033018 0.000000 -0.319218 0.926768 0.197994 10.871300 0.032594 -0.198064 0.979647 -0.951400 0.000000 0.000000 0.000000 1.000000
0.946443 0.321492 0.029800 0.000000 -0.322049 0.933425 0.158122 10.871300 0.023019 -0.159250 0.986970 -0.951400 0.000000 0.000000 0.000000 1.000000
0.950596 0.309444 0.024723 0.000000 -0.310097 0.942872 0.121786 10.871300 0.014376 -0.123436 0.992248 -0.951400 0.000000 0.000000 0.000000 1.000000
0.957399 0.288097 0.019660 0.000000 -0.288679 0.953208 0.089769 10.871300 0.007122 -0.091621 0.995769 -0.951400 0.000000 0.000000 0.000000 1.000000
0.963710 0.266476 0.015932 0.000000 -0.266952 0.961966 0.057956 10.871300 0.000118 -0.060106 0.998192 -0.951400 0.000000 0.000000 0.000000 1.000000
0.968212 0.249637 0.015728 0.000000 -0.250005 0.967806 0.029127 10.871300 -0.007950 -0.032133 0.999452 -0.951400 0.000000 0.000000 0.000000 1.000000
0.971767 0.235341 0.016852 -0.000000 -0.235476 0.971858 0.006510 10.871300 -0.014846 -0.010295 0.999837 -0.951400 0.000000 0.000000 0.000000 1.000000
0.975762 0.218087 0.018045 0.000000 -0.217881 0.975893 -0.012712 10.871300 -0.020382 0.008473 0.999756 -0.951400 0.000000 0.000000 0.000000 1.000000
0.979200 0.201964 0.019461 0.000000 -0.201239 0.978954 -0.033951 10.871300 -0.025909 0.029329 0.999234 -0.951400 0.000000 0.000000 0.000000 1.000000
0.982544 0.185060 0.018984 -0.000000 -0.183944 0.981693 -0.049432 10.871300 -0.027784 0.045077 0.998597 -0.951400 0.000000 0.000000 0.000000 1.000000
0.987227 0.158299 0.018006 0.000000 -0.156882 0.985588 -0.063277 10.871300 -0.027764 0.059644 0.997834 -0.951400 0.000000 0.000000 0.000000 1.000000
0.992646 0.119822 0.017219 0.000000 -0.118199 0.990091 -0.075825 10.871300 -0.026134 0.073232 0.996972 -0.951400 0.000000 0.000000 0.000000 1.000000
0.996426 0.082790 0.016779 -0.000000 -0.081189 0.993452 -0.080387 10.871300 -0.023324 0.078738 0.996622 -0.951400 0.000000 0.000000 0.000000 1.000000
0.998894 0.044683 0.014604 0.000000 -0.043362 0.995783 -0.080844 10.871300 -0.018154 0.080122 0.996620 -0.951400 0.000000 0.000000 0.000000 1.000000
0.999950 0.000726 0.010013 0.000000 0.000048 0.997023 -0.077098 10.871300 -0.010039 0.077095 0.996973 -0.951400 0.000000 0.000000 0.000000 1.000000
0.999063 -0.042840 0.006076 0.000000 0.043143 0.997000 -0.064261 10.871300 -0.003305 0.064463 0.997915 -0.951400 0.000000 0.000000 0.000000 1.000000
0.998794 -0.048978 0.003415 -0.000000 0.049076 0.997963 -0.040764 10.871300 -0.001412 0.040883 0.999163 -0.951400 0.000000 0.000000 0.000000 1.000000
0.998604 -0.052644 0.004224 0.000000 0.052712 0.998442 -0.018325 10.871300 -0.003252 0.018522 0.999823 -0.951400 0.000000 0.000000 0.000000 1.000000
0.999437 -0.033553 0.000906 0.000000 0.033562 0.999337 -0.014131 10.871300 -0.000431 0.014154 0.999900 -0.951400 0.000000 0.000000 0.000000 1.000000
0.999611 0.021485 -0.017801 0.000000 -0.021617 0.999740 -0.007294 10.871300 0.017640 0.007676 0.999815 -0.951400 0.000000 0.000000 0.000000 1.000000
0.998668 0.049953 -0.012953 -0.000000 -0.049748 0.998639 0.015641 10.871300 0.013717 -0.014976 0.999794 -0.951400 0.000000 0.000000 0.000000 1.000000
0.996346 0.085302 -0.004211 0.000000 -0.085151 0.995968 0.028216 10.871300 0.006601 -0.027755 0.999593 -0.951400 0.000000 0.000000 0.000000 1.000000
0.994173 0.107735 -0.003758 0.000000 -0.107293 0.992270 0.062358 10.871300 0.010447 -0.061591 0.998047 -0.951400 0.000000 0.000000 0.000000 1.000000
0.994640 0.102727 -0.011790 -0.000000 -0.100618 0.987833 0.118580 10.871300 0.023828 -0.116758 0.992875 -0.951400 0.000000 0.000000 0.000000 1.000000
0.994150 0.105496 -0.023167 0.000000 -0.102206 0.988201 0.114072 10.871300 0.034928 -0.111037 0.993202 -0.951400 0.000000 0.000000 0.000000 1.000000
0.992269 0.119487 -0.033547 0.000000 -0.115800 0.988617 0.096054 10.871300 0.044642 -0.091427 0.994811 -0.951400 0.000000 0.000000 0.000000 1.000000
0.991325 0.125021 -0.040552 -0.000000 -0.121913 0.989946 0.071717 10.871300 0.049111 -0.066150 0.996600 -0.951400 0.000000 0.000000 0.000000 1.000000
0.990507 0.130485 -0.043239 0.000000 -0.128122 0.990312 0.053539 10.871300 0.049806 -0.047491 0.997629 -0.951400 0.000000 0.000000 0.000000 1.000000
0.989974 0.134557 -0.042967 0.000000 -0.132925 0.990365 0.038834 10.871300 0.047779 -0.032734 0.998321 -0.951400 0.000000 0.000000 0.000000 1.000000
0.989545 0.137232 -0.044354 0.000000 -0.135882 0.990203 0.032142 10.871300 0.048331 -0.025779 0.998499 -0.951400 0.000000 0.000000 0.000000 1.000000
0.988852 0.139077 -0.053192 0.000000 -0.137783 0.990087 0.027282 10.871300 0.056459 -0.019649 0.998212 -0.951400 0.000000 0.000000 0.000000 1.000000
0.989723 0.130017 -0.059538 -0.000000 -0.128888 0.991405 0.022445 10.871300 0.061945 -0.014541 0.997974 -0.951400 0.000000 0.000000 0.000000 1.000000
0.991823 0.113890 -0.057583 0.000000 -0.113093 0.993440 0.016918 10.871300 0.059132 -0.010267 0.998197 -0.951400 0.000000 0.000000 0.000000 1.000000
0.992579 0.107343 -0.057139 0.000000 -0.106743 0.994196 0.013455 10.871300 0.058252 -0.007256 0.998276 -0.951400 0.000000 0.000000 0.000000 1.000000
0.992381 0.108723 -0.057962 0.000000 -0.108271 0.994062 0.010892 10.871300 0.058802 -0.004534 0.998259 -0.951400 0.000000 0.000000 0.000000 1.000000
0.992513 0.107412 -0.058143 0.000000 -0.107085 0.994212 0.008712 10.871300 0.058742 -0.002421 0.998270 -0.951400 0.000000 0.000000 0.000000 1.000000
0.993085 0.103099 -0.056152 0.000000 -0.102888 0.994671 0.006646 10.871300 0.056538 -0.000823 0.998400 -0.951400 0.000000 0.000000 0.000000 1.000000
0.993235 0.102804 -0.054001 0.000000 -0.102670 0.994702 0.005261 10.871300 0.054256 0.000319 0.998527 -0.951400 0.000000 0.000000 0.000000 1.000000
0.992871 0.106466 -0.053592 0.000000 -0.106359 0.994316 0.004855 10.871300 0.053805 0.000879 0.998551 -0.951400 0.000000 0.000000 0.000000 1.000000
0.992266 0.112656 -0.052118 0.000000 -0.112559 0.993633 0.004810 10.871300 0.052328 0.001093 0.998629 -0.951400 0.000000 0.000000 0.000000 1.000000
0.991737 0.117548 -0.051381 -0.000000 -0.117444 0.993067 0.005054 10.871300 0.051619 0.001022 0.998666 -0.951400 0.000000 0.000000 0.000000 1.000000</float_array>
        <technique_common>
          <accessor source="#mixamorig_Spine-Matrix-animation-output-transform-array" count="58" stride="16">
            <param type="float4x4"/>
          </accessor>
        </technique_common>
      </source>
      <source id="mixamorig_Spine-Interpolations">
        <Name_array id="mixamorig_Spine-Interpolations-array" count="58">
 LINEAR LINEAR LINEAR LINEAR LINEAR LINEAR LINEAR LINEAR LINEAR LINEAR LINEAR
LINEAR LINEAR LINEAR LINEAR LINEAR LINEAR LINEAR LINEAR LINEAR LINEAR LINEAR LINEAR
LINEAR LINEAR LINEAR LINEAR LINEAR LINEAR LINEAR LINEAR LINEAR LINEAR LINEAR LINEAR
LINEAR LINEAR LINEAR LINEAR LINEAR LINEAR LINEAR LINEAR LINEAR LINEAR LINEAR LINEAR
LINEAR LINEAR LINEAR LINEAR LINEAR LINEAR LINEAR LINEAR LINEAR LINEAR LINEAR</Name_array>
        <technique_common>
          <accessor source="#mixamorig_Spine-Interpolations-array" count="58">
            <param type="name"/>
          </accessor>
        </technique_common>
      </source>
      <sampler id="mixamorig_Spine-Matrix-animation-transform">
        <input semantic="INPUT" source="#mixamorig_Spine-Matrix-animation-input"/>
        <input semantic="OUTPUT" source="#mixamorig_Spine-Matrix-animation-output-transform"/>
        <input semantic="INTERPOLATION" source="#mixamorig_Spine-Interpolations"/>
      </sampler>
      <channel source="#mixamorig_Spine-Matrix-animation-transform" target="mixamorig_Spine/matrix"/>
    </animation>
    <animation id="mixamorig_Spine1-anim" name="mixamorig_Spine1">
      <source id="mixamorig_Spine1-Matrix-animation-input">
        <float_array id="mixamorig_Spine1-Matrix-animation-input-array" count="58">

0.000000 0.033333 0.066667 0.100000 0.133333 0.166667 0.200000 0.233333 0.266667 0.300000 0.333333 0.366667 0.400000 0.433333 0.466667 0.500000
0.533333 0.566667 0.600000 0.633333 0.666667 0.700000 0.733333 0.766667 0.800000 0.833333 0.866667 0.900000 0.933333 0.966667 1.000000 1.033333
1.066667 1.100000 1.133333 1.166667 1.200000 1.233333 1.266667 1.300000 1.333333 1.366667 1.400000 1.433333 1.466667 1.500000 1.533333 1.566667
1.600000 1.633333 1.666667 1.700000 1.733333 1.766667 1.800000 1.833333 1.866667 1.900000</float_array>
        <technique_common>
          <accessor source="#mixamorig_Spine1-Matrix-animation-input-array" count="58">
            <param name="TIME" type="float"/>
          </accessor>
        </technique_common>
      </source>
      <source id="mixamorig_Spine1-Matrix-animation-output-transform">
        <float_array id="mixamorig_Spine1-Matrix-animation-output-transform-array" count="928">

0.994116 0.039374 0.100913 0.000000 -0.011532 0.964773 -0.262830 12.731600 -0.107706 0.260120 0.959550 0.000000 0.000000 0.000000 0.000000 1.000000
0.995642 -0.035972 0.086041 0.000000 0.057837 0.961930 -0.267104 12.731600 -0.073157 0.270917 0.959819 0.000000 0.000000 0.000000 0.000000 1.000000
0.993725 -0.085943 0.071585 0.000000 0.102187 0.957817 -0.268598 12.731600 -0.045481 0.274227 0.960589 -0.000000 0.000000 0.000000 0.000000 1.000000
0.992534 -0.108478 0.055750 -0.000000 0.119248 0.959066 -0.256849 12.731600 -0.025605 0.261580 0.964842 0.000000 0.000000 0.000000 0.000000 1.000000
0.993663 -0.106091 0.037139 0.000000 0.111725 0.968446 -0.222776 12.731600 -0.012333 0.225513 0.974162 -0.000000 0.000000 0.000000 0.000000 1.000000
0.996019 -0.088058 0.013844 0.000000 0.089135 0.982397 -0.164169 12.731600 0.000856 0.164750 0.986335 -0.000000 0.000000 0.000000 0.000000 1.000000
0.997285 -0.072531 0.012734 0.000000 0.073593 0.987852 -0.136864 12.731600 -0.002653 0.137430 0.990508 0.000000 0.000000 0.000000 0.000000 1.000000
0.997240 -0.073207 0.012403 0.000000 0.074220 0.987603 -0.138320 12.731600 -0.002123 0.138859 0.990310 0.000000 0.000000 0.000000 0.000000 1.000000
0.996903 -0.077834 0.011243 0.000000 0.078641 0.986006 -0.146994 12.731600 0.000355 0.147423 0.989074 0.000000 0.000000 0.000000 0.000000 1.000000
0.996390 -0.084421 0.008892 0.000000 0.084767 0.983900 -0.157339 12.731600 0.004534 0.157525 0.987505 0.000000 0.000000 0.000000 0.000000 1.000000
0.995763 -0.091854 0.004408 0.000000 0.091288 0.981576 -0.167852 12.731600 0.011091 0.167543 0.985802 0.000000 0.000000 0.000000 0.000000 1.000000
0.994907 -0.100773 -0.002360 -0.000000 0.098672 0.978421 -0.181540 12.731600 0.020604 0.180382 0.983381 0.000000 0.000000 0.000000 0.000000 1.000000
0.993695 -0.111913 -0.006796 0.000000 0.108374 0.974267 -0.197635 12.731600 0.028739 0.195652 0.980252 0.000000 0.000000 0.000000 0.000000 1.000000
0.991328 -0.131248 -0.006553 -0.000000 0.126571 0.967030 -0.220983 12.731600 0.035341 0.218237 0.975256 0.000000 0.000000 0.000000 0.000000 1.000000
0.988204 -0.153133 -0.001874 0.000000 0.148226 0.959474 -0.239662 12.731600 0.038498 0.236558 0.970854 0.000000 0.000000 0.000000 0.000000 1.000000
0.986925 -0.161180 0.000760 0.000000 0.157008 0.960291 -0.230627 12.731600 0.036443 0.227730 0.973042 -0.000000 0.000000 0.000000 0.000000 1.000000
0.986562 -0.163378 0.001820 0.000000 0.160003 0.963806 -0.213252 12.731600 0.033087 0.210677 0.976996 0.000000 0.000000 0.000000 0.000000 1.000000
0.986510 -0.163670 0.003154 -0.000000 0.161100 0.967235 -0.196224 12.731600 0.029065 0.194085 0.980554 -0.000000 0.000000 0.000000 0.000000 1.000000
0.986637 -0.162852 0.005204 0.000000 0.161168 0.970743 -0.177998 12.731600 0.023936 0.176458 0.984017 0.000000 0.000000 0.000000 0.000000 1.000000
0.987705 -0.156245 0.005209 0.000000 0.155117 0.975340 -0.157004 12.731600 0.019450 0.155882 0.987584 0.000000 0.000000 0.000000 0.000000 1.000000
0.989482 -0.144583 0.004553 -0.000000 0.143861 0.980270 -0.135551 12.731600 0.015135 0.134780 0.990760 0.000000 0.000000 0.000000 0.000000 1.000000
0.991130 -0.132830 0.004214 0.000000 0.132407 0.984258 -0.117068 12.731600 0.011402 0.116588 0.993115 -0.000000 0.000000 0.000000 0.000000 1.000000
0.992241 -0.124230 0.005007 0.000000 0.124095 0.987076 -0.101401 12.731600 0.007655 0.101236 0.994833 0.000000 0.000000 0.000000 0.000000 1.000000
0.993134 -0.116844 0.005736 0.000000 0.116892 0.989188 -0.088564 12.731600 0.004674 0.088626 0.996054 0.000000 0.000000 0.000000 0.000000 1.000000
0.993978 -0.109300 0.007823 0.000000 0.109578 0.991048 -0.076265 12.731600 0.000582 0.076663 0.997057 -0.000000 0.000000 0.000000 0.000000 1.000000
0.994750 -0.101691 0.011494 0.000000 0.102235 0.992508 -0.066896 12.731600 -0.004605 0.067720 0.997694 -0.000000 0.000000 0.000000 0.000000 1.000000
0.995676 -0.092022 0.012663 0.000000 0.092616 0.993928 -0.059416 12.731600 -0.007118 0.060332 0.998153 -0.000000 0.000000 0.000000 0.000000 1.000000
0.996728 -0.079852 0.012554 0.000000 0.080398 0.995429 -0.051549 12.731600 -0.008381 0.052390 0.998592 0.000000 0.000000 0.000000 0.000000 1.000000
0.997783 -0.065606 0.011189 0.000000 0.066035 0.996862 -0.043656 12.731600 -0.008290 0.044298 0.998984 0.000000 0.000000 0.000000 0.000000 1.000000
0.998584 -0.052310 0.009711 0.000000 0.052642 0.997895 -0.037862 12.731600 -0.007710 0.038319 0.999236 0.000000 0.000000 0.000000 0.000000 1.000000
0.999285 -0.037098 0.007290 0.000000 0.037310 0.998805 -0.031562 12.731600 -0.006111 0.031812 0.999475 -0.000000 0.000000 0.000000 0.000000 1.000000
0.999810 -0.019010 0.004369 0.000000 0.019114 0.999503 -0.025064 12.731600 -0.003890 0.025143 0.999676 0.000000 0.000000 0.000000 0.000000 1.000000
0.999997 -0.001703 0.001732 0.000000 0.001737 0.999802 -0.019818 12.731600 -0.001698 0.019821 0.999802 -0.000000 0.000000 0.000000 0.000000 1.000000
0.999998 -0.001962 -0.000983 0.000000 0.001943 0.999810 -0.019391 12.731600 0.001021 0.019389 0.999811 0.000000 0.000000 0.000000 0.000000 1.000000
0.999995 -0.002497 -0.001663 0.000000 0.002465 0.999821 -0.018772 12.731600 0.001710 0.018768 0.999822 -0.000000 0.000000 0.000000 0.000000 1.000000
0.999995 -0.002045 -0.002407 0.000000 0.001999 0.999820 -0.018849 12.731600 0.002445 0.018844 0.999819 0.000000 0.000000 0.000000 0.000000 1.000000
0.999986 0.002315 -0.004724 0.000000 -0.002405 0.999813 -0.019186 12.731600 0.004679 0.019197 0.999805 0.000000 0.000000 0.000000 0.000000 1.000000
0.999992 0.003209 -0.002184 0.000000 -0.003247 0.999843 -0.017445 12.731600 0.002128 0.017452 0.999845 0.000000 0.000000 0.000000 0.000000 1.000000
0.999995 0.003014 -0.000350 0.000000 -0.003020 0.999843 -0.017479 12.731600 0.000297 0.017480 0.999847 -0.000000 0.000000 0.000000 0.000000 1.000000
0.999993 0.003555 0.000625 0.000000 -0.003544 0.999854 -0.016689 12.731600 -0.000684 0.016687 0.999861 0.000000 0.000000 0.000000 0.000000 1.000000
0.999995 0.003079 0.001009 0.000000 -0.003062 0.999860 -0.016425 12.731600 -0.001060 0.016422 0.999865 0.000000 0.000000 0.000000 0.000000 1.000000
0.999994 0.003353 -0.001292 0.000000 -0.003373 0.999868 -0.015905 12.731600 0.001239 0.015910 0.999873 0.000000 0.000000 0.000000 0.000000 1.000000
0.999989 0.003632 -0.002906 0.000000 -0.003679 0.999861 -0.016273 12.731600 0.002846 0.016283 0.999863 0.000000 0.000000 0.000000 0.000000 1.000000
0.999987 0.003742 -0.003320 0.000000 -0.003798 0.999851 -0.016828 12.731600 0.003256 0.016841 0.999853 0.000000 0.000000 0.000000 0.000000 1.000000
0.999988 0.003827 -0.002948 0.000000 -0.003878 0.999840 -0.017455 12.731600 0.002880 0.017467 0.999843 -0.000000 0.000000 0.000000 0.000000 1.000000
0.999988 0.003634 -0.003176 0.000000 -0.003690 0.999833 -0.017913 12.731600 0.003110 0.017924 0.999835 0.000000 0.000000 0.000000 0.000000 1.000000
0.999985 0.003920 -0.003865 0.000000 -0.003988 0.999831 -0.017936 12.731600 0.003794 0.017951 0.999832 0.000000 0.000000 0.000000 0.000000 1.000000
0.999980 0.004157 -0.004793 0.000000 -0.004242 0.999828 -0.018027 12.731600 0.004717 0.018047 0.999826 0.000000 0.000000 0.000000 0.000000 1.000000
0.999977 0.004095 -0.005393 0.000000 -0.004192 0.999827 -0.018135 12.731600 0.005317 0.018157 0.999821 -0.000000 0.000000 0.000000 0.000000 1.000000
0.999981 0.003614 -0.004998 0.000000 -0.003705 0.999825 -0.018323 12.731600 0.004931 0.018341 0.999820 0.000000 0.000000 0.000000 0.000000 1.000000
0.999980 0.003645 -0.005125 0.000000 -0.003739 0.999824 -0.018401 12.731600 0.005057 0.018420 0.999818 0.000000 0.000000 0.000000 0.000000 1.000000
0.999980 0.003646 -0.005131 0.000000 -0.003740 0.999822 -0.018469 12.731600 0.005062 0.018487 0.999816 -0.000000 0.000000 0.000000 0.000000 1.000000
0.999980 0.003761 -0.005123 0.000000 -0.003855 0.999820 -0.018565 12.731600 0.005052 0.018585 0.999815 0.000000 0.000000 0.000000 0.000000 1.000000
0.999981 0.003614 -0.004960 0.000000 -0.003705 0.999820 -0.018612 12.731600 0.004892 0.018630 0.999814 0.000000 0.000000 0.000000 0.000000 1.000000
0.999982 0.003724 -0.004795 -0.000000 -0.003813 0.999819 -0.018615 12.731600 0.004725 0.018633 0.999815 -0.000000 0.000000 0.000000 0.000000 1.000000
0.999982 0.003664 -0.004832 0.000000 -0.003754 0.999819 -0.018673 12.731600 0.004763 0.018690 0.999814 0.000000 0.000000 0.000000 0.000000 1.000000
0.999982 0.003750 -0.004758 0.000000 -0.003838 0.999820 -0.018603 12.731600 0.004688 0.018621 0.999816 0.000000 0.000000 0.000000 0.000000 1.000000
0.999981 0.004018 -0.004661 0.000000 -0.004104 0.999819 -0.018590 12.731600 0.004586 0.018609 0.999816 0.000000 0.000000 0.000000 0.000000 1.000000</float_array>
        <technique_common>
          <accessor source="#mixamorig_Spine1-Matrix-animation-output-transform-array" count="58" stride="16">
            <param type="float4x4"/>
          </accessor>
        </technique_common>
      </source>
      <source id="mixamorig_Spine1-Interpolations">
        <Name_array id="mixamorig_Spine1-Interpolations-array" count="58">
 LINEAR LINEAR LINEAR LINEAR LINEAR LINEAR LINEAR LINEAR LINEAR LINEAR LINEAR
LINEAR LINEAR LINEAR LINEAR LINEAR LINEAR LINEAR LINEAR LINEAR LINEAR LINEAR LINEAR
LINEAR LINEAR LINEAR LINEAR LINEAR LINEAR LINEAR LINEAR LINEAR LINEAR LINEAR LINEAR
LINEAR LINEAR LINEAR LINEAR LINEAR LINEAR LINEAR LINEAR LINEAR LINEAR LINEAR LINEAR
LINEAR LINEAR LINEAR LINEAR LINEAR LINEAR LINEAR LINEAR LINEAR LINEAR LINEAR</Name_array>
        <technique_common>
          <accessor source="#mixamorig_Spine1-Interpolations-array" count="58">
            <param type="name"/>
          </accessor>
        </technique_common>
      </source>
      <sampler id="mixamorig_Spine1-Matrix-animation-transform">
        <input semantic="INPUT" source="#mixamorig_Spine1-Matrix-animation-input"/>
        <input semantic="OUTPUT" source="#mixamorig_Spine1-Matrix-animation-output-transform"/>
        <input semantic="INTERPOLATION" source="#mixamorig_Spine1-Interpolations"/>
      </sampler>
      <channel source="#mixamorig_Spine1-Matrix-animation-transform" target="mixamorig_Spine1/matrix"/>
    </animation>
    <animation id="mixamorig_Spine2-anim" name="mixamorig_Spine2">
      <source id="mixamorig_Spine2-Matrix-animation-input">
        <float_array id="mixamorig_Spine2-Matrix-animation-input-array" count="58">

0.000000 0.033333 0.066667 0.100000 0.133333 0.166667 0.200000 0.233333 0.266667 0.300000 0.333333 0.366667 0.400000 0.433333 0.466667 0.500000
0.533333 0.566667 0.600000 0.633333 0.666667 0.700000 0.733333 0.766667 0.800000 0.833333 0.866667 0.900000 0.933333 0.966667 1.000000 1.033333
1.066667 1.100000 1.133333 1.166667 1.200000 1.233333 1.266667 1.300000 1.333333 1.366667 1.400000 1.433333 1.466667 1.500000 1.533333 1.566667
1.600000 1.633333 1.666667 1.700000 1.733333 1.766667 1.800000 1.833333 1.866667 1.900000</float_array>
        <technique_common>
          <accessor source="#mixamorig_Spine2-Matrix-animation-input-array" count="58">
            <param name="TIME" type="float"/>
          </accessor>
        </technique_common>
      </source>
      <source id="mixamorig_Spine2-Matrix-animation-output-transform">
        <float_array id="mixamorig_Spine2-Matrix-animation-output-transform-array" count="928">

0.993419 0.052322 0.101883 -0.000000 -0.016778 0.946441 -0.322440 14.550400 -0.113297 0.318609 0.941091 0.000000 0.000000 0.000000 0.000000 1.000000
0.993803 -0.028204 0.107521 0.000000 0.060306 0.949353 -0.308369 14.550400 -0.093379 0.312942 0.945171 0.000000 0.000000 0.000000 0.000000 1.000000
0.991696 -0.082866 0.098346 0.000000 0.108669 0.948914 -0.296233 14.550400 -0.068774 0.304460 0.950039 0.000000 0.000000 0.000000 0.000000 1.000000
0.991070 -0.108766 0.077137 0.000000 0.125981 0.953328 -0.274399 14.550400 -0.043691 0.281667 0.958517 -0.000000 0.000000 0.000000 0.000000 1.000000
0.992983 -0.107938 0.048307 0.000000 0.116252 0.965869 -0.231478 14.550400 -0.021673 0.235470 0.971640 0.000000 0.000000 0.000000 0.000000 1.000000
0.995910 -0.089047 0.015326 0.000000 0.090355 0.982390 -0.163542 14.550400 -0.000493 0.164257 0.986417 0.000000 0.000000 0.000000 0.000000 1.000000
0.997192 -0.073589 0.013891 -0.000000 0.074798 0.987848 -0.136239 14.550400 -0.003697 0.136896 0.990579 0.000000 0.000000 0.000000 0.000000 1.000000
0.997150 -0.074216 0.013559 0.000000 0.075378 0.987600 -0.137712 14.550400 -0.003170 0.138342 0.990379 0.000000 0.000000 0.000000 0.000000 1.000000
0.996823 -0.078666 0.012485 -0.000000 0.079646 0.986003 -0.146477 14.550400 -0.000788 0.147006 0.989135 -0.000000 0.000000 0.000000 0.000000 1.000000
0.996340 -0.084864 0.010214 0.000000 0.085414 0.983891 -0.157042 14.550400 0.003278 0.157340 0.987539 0.000000 0.000000 0.000000 0.000000 1.000000
0.995789 -0.091494 0.005783 -0.000000 0.091162 0.981557 -0.168034 14.550400 0.009697 0.167853 0.985764 0.000000 0.000000 0.000000 0.000000 1.000000
0.995084 -0.099030 -0.000994 0.000000 0.097186 0.978387 -0.182523 14.550400 0.019047 0.181530 0.983201 0.000000 0.000000 0.000000 0.000000 1.000000
0.994044 -0.108843 -0.005410 -0.000000 0.105586 0.974211 -0.199413 14.550400 0.026975 0.197654 0.979901 -0.000000 0.000000 0.000000 0.000000 1.000000
0.991906 -0.126881 -0.004941 0.000000 0.122575 0.966949 -0.223572 14.550400 0.033144 0.221156 0.974675 0.000000 0.000000 0.000000 0.000000 1.000000
0.988964 -0.148159 0.000149 0.000000 0.143763 0.959377 -0.242750 14.550400 0.035822 0.240093 0.970089 0.000000 0.000000 0.000000 0.000000 1.000000
0.987634 -0.156744 0.003144 0.000000 0.153132 0.960195 -0.233617 14.550400 0.033599 0.231209 0.972324 0.000000 0.000000 0.000000 0.000000 1.000000
0.987172 -0.159599 0.004523 0.000000 0.156796 0.963714 -0.216032 14.550400 0.030120 0.213970 0.976376 0.000000 0.000000 0.000000 0.000000 1.000000
0.987007 -0.160560 0.006127 -0.000000 0.158564 0.967152 -0.198682 14.550400 0.025975 0.197072 0.980045 0.000000 0.000000 0.000000 0.000000 1.000000
0.986990 -0.160561 0.008391 0.000000 0.159437 0.970674 -0.179921 14.550400 0.020744 0.178918 0.983645 -0.000000 0.000000 0.000000 0.000000 1.000000
0.987942 -0.154597 0.008351 0.000000 0.153956 0.975285 -0.158480 14.550400 0.016356 0.157855 0.987327 0.000000 0.000000 0.000000 0.000000 1.000000
0.989625 -0.143479 0.007472 -0.000000 0.143148 0.980228 -0.136605 14.550400 0.012276 0.136257 0.990597 -0.000000 0.000000 0.000000 0.000000 1.000000
0.991209 -0.132119 0.007012 0.000000 0.132021 0.984226 -0.117768 14.550400 0.008658 0.117659 0.993016 0.000000 0.000000 0.000000 0.000000 1.000000
0.992274 -0.123829 0.007636 0.000000 0.123961 0.987055 -0.101761 14.550400 0.005063 0.101921 0.994780 0.000000 0.000000 0.000000 0.000000 1.000000
0.993141 -0.116637 0.008213 0.000000 0.116904 0.989177 -0.088671 14.550400 0.002218 0.089023 0.996027 0.000000 0.000000 0.000000 0.000000 1.000000
0.993947 -0.109403 0.010052 -0.000000 0.109852 0.991037 -0.076013 14.550400 -0.001646 0.076658 0.997056 -0.000000 0.000000 0.000000 0.000000 1.000000
0.994686 -0.102052 0.013594 0.000000 0.102733 0.992504 -0.066200 14.550400 -0.006736 0.067245 0.997714 -0.000000 0.000000 0.000000 0.000000 1.000000
0.995614 -0.092418 0.014577 0.000000 0.093120 0.993929 -0.058607 14.550400 -0.009072 0.059707 0.998175 0.000000 0.000000 0.000000 0.000000 1.000000
0.996676 -0.080224 0.014184 0.000000 0.080847 0.995432 -0.050791 14.550400 -0.010045 0.051769 0.998609 0.000000 0.000000 0.000000 0.000000 1.000000
0.997748 -0.065904 0.012504 -0.000000 0.066385 0.996864 -0.043069 14.550400 -0.009626 0.043802 0.998994 0.000000 0.000000 0.000000 0.000000 1.000000
0.998561 -0.052538 0.010764 -0.000000 0.052907 0.997897 -0.037441 14.550400 -0.008774 0.037957 0.999241 -0.000000 0.000000 0.000000 0.000000 1.000000
