<?xml version="1.0" encoding="utf-8"?>
<COLLADA xmlns="http://www.collada.org/2005/11/COLLADASchema" version="1.4.1">
  <asset>
    <contributor>
      <author>Mixamo</author>
      <authoring_tool>COLLADA Mixamo exporter</authoring_tool>
      <comments/>
    </contributor>
    <created>2022-11-23T16:31:15Z</created>
    <modified>2022-11-23T16:31:15Z</modified>
    <revision/>
    <title/>
    <unit meter="0.010000"/>
    <up_axis>Y_UP</up_axis>
  </asset>
  <library_animations>
    <animation id="mixamorig_Hips-anim" name="mixamorig_Hips">
      <source id="mixamorig_Hips-Matrix-animation-input">
        <float_array id="mixamorig_Hips-Matrix-animation-input-array" count="18">

0.000000 0.033333 0.066667 0.100000 0.133333 0.166667 0.200000 0.233333 0.266667 0.300000 0.333333 0.366667 0.400000 0.433333 0.466667 0.500000
0.533333 0.566667</float_array>
        <technique_common>
          <accessor source="#mixamorig_Hips-Matrix-animation-input-array" count="18">
            <param name="TIME" type="float"/>
          </accessor>
        </technique_common>
      </source>
      <source id="mixamorig_Hips-Matrix-animation-output-transform">
        <float_array id="mixamorig_Hips-Matrix-animation-output-transform-array" count="288">

0.480444 -0.118159 -0.869029 1.328510 -0.004156 0.990565 -0.136981 80.892860 0.877016 0.069423 0.475420 5.268931 0.000000 0.000000 0.000000 1.000000
0.480488 -0.122332 -0.868427 1.199773 -0.008307 0.989544 -0.143990 80.833961 0.876962 0.076399 0.474448 5.203154 0.000000 0.000000 0.000000 1.000000
0.481079 -0.126083 -0.867564 1.113369 -0.012197 0.988546 -0.150428 80.779846 0.876593 0.082949 0.474030 5.122509 0.000000 0.000000 0.000000 1.000000
0.489825 -0.126208 -0.862637 1.246627 -0.010956 0.988497 -0.150843 80.848633 0.871752 0.083338 0.482807 5.064828 0.000000 0.000000 0.000000 1.000000
0.506957 -0.120630 -0.853489 1.606676 -0.004847 0.989744 -0.142767 80.890320 0.861958 0.076513 0.501173 5.087909 0.000000 0.000000 0.000000 1.000000
0.518219 -0.112565 -0.847808 1.910412 0.000098 0.991308 -0.131558 80.760040 0.855248 0.068092 0.513726 5.161510 0.000000 0.000000 0.000000 1.000000
0.524034 -0.104104 -0.845311 2.115605 0.006943 0.992991 -0.117987 80.731628 0.851669 0.055960 0.521084 5.295152 0.000000 0.000000 0.000000 1.000000
0.523321 -0.096420 -0.846663 2.250791 0.014499 0.994441 -0.104288 80.843491 0.852012 0.042300 0.521811 5.416759 0.000000 0.000000 0.000000 1.000000
0.517406 -0.088803 -0.851120 2.371989 0.018725 0.995538 -0.092488 80.965393 0.855535 0.031916 0.516760 5.496549 0.000000 0.000000 0.000000 1.000000
0.509549 -0.085863 -0.856147 2.369579 0.017478 0.995836 -0.089470 81.029671 0.860264 0.030626 0.508928 5.506085 0.000000 0.000000 0.000000 1.000000
0.505346 -0.088353 -0.858382 2.316647 0.015499 0.995513 -0.093343 81.062851 0.862777 0.033866 0.504448 5.484743 0.000000 0.000000 0.000000 1.000000
0.502901 -0.092992 -0.859327 2.252628 0.014081 0.994945 -0.099427 81.092278 0.864229 0.037902 0.501669 5.463477 0.000000 0.000000 0.000000 1.000000
0.499005 -0.096764 -0.861180 2.155561 0.012048 0.994425 -0.104754 81.116051 0.866516 0.041898 0.497388 5.441908 0.000000 0.000000 0.000000 1.000000
0.493984 -0.100120 -0.863688 2.007540 0.009193 0.993894 -0.109956 81.110901 0.869423 0.046377 0.491888 5.413163 0.000000 0.000000 0.000000 1.000000
0.488916 -0.104578 -0.866040 1.829714 0.006149 0.993177 -0.116459 81.073174 0.872309 0.051613 0.486223 5.384060 0.000000 0.000000 0.000000 1.000000
0.484594 -0.109585 -0.867848 1.651160 0.003099 0.992331 -0.123574 81.018730 0.874734 0.057194 0.481217 5.356489 0.000000 0.000000 0.000000 1.000000
0.481696 -0.114044 -0.868886 1.482659 -0.000252 0.991478 -0.130274 80.957230 0.876338 0.062972 0.477562 5.320565 0.000000 0.000000 0.000000 1.000000
0.480444 -0.118159 -0.869029 1.328511 -0.004156 0.990565 -0.136981 80.892860 0.877016 0.069423 0.475420 5.268936 0.000000 0.000000 0.000000 1.000000</float_array>
        <technique_common>
          <accessor source="#mixamorig_Hips-Matrix-animation-output-transform-array" count="18" stride="16">
            <param type="float4x4"/>
          </accessor>
        </technique_common>
      </source>
      <source id="mixamorig_Hips-Interpolations">
        <Name_array id="mixamorig_Hips-Interpolations-array" count="18">
 LINEAR LINEAR LINEAR LINEAR LINEAR LINEAR LINEAR LINEAR LINEAR LINEAR LINEAR
LINEAR LINEAR LINEAR LINEAR LINEAR LINEAR LINEAR</Name_array>
        <technique_common>
          <accessor source="#mixamorig_Hips-Interpolations-array" count="18">
            <param type="name"/>
          </accessor>
        </technique_common>
      </source>
      <sampler id="mixamorig_Hips-Matrix-animation-transform">
        <input semantic="INPUT" source="#mixamorig_Hips-Matrix-animation-input"/>
        <input semantic="OUTPUT" source="#mixamorig_Hips-Matrix-animation-output-transform"/>
        <input semantic="INTERPOLATION" source="#mixamorig_Hips-Interpolations"/>
      </sampler>
      <channel source="#mixamorig_Hips-Matrix-animation-transform" target="mixamorig_Hips/matrix"/>
    </animation>
    <animation id="mixamorig_Spine-anim" name="mixamorig_Spine">
      <source id="mixamorig_Spine-Matrix-animation-input">
        <float_array id="mixamorig_Spine-Matrix-animation-input-array" count="18">

0.000000 0.033333 0.066667 0.100000 0.133333 0.166667 0.200000 0.233333 0.266667 0.300000 0.333333 0.366667 0.400000 0.433333 0.466667 0.500000
0.533333 0.566667</float_array>
        <technique_common>
          <accessor source="#mixamorig_Spine-Matrix-animation-input-array" count="18">
            <param name="TIME" type="float"/>
          </accessor>
        </technique_common>
      </source>
      <source id="mixamorig_Spine-Matrix-animation-output-transform">
        <float_array id="mixamorig_Spine-Matrix-animation-output-transform-array" count="288">

0.998497 0.009295 0.054013 0.000000 -0.012792 0.997819 0.064762 10.871300 -0.053293 -0.065355 0.996438 -0.951400 0.000000 0.000000 0.000000 1.000000
0.998423 0.010334 0.055181 -0.000000 -0.013850 0.997872 0.063720 10.871300 -0.054405 -0.064384 0.996441 -0.951400 0.000000 0.000000 0.000000 1.000000
0.998349 0.011280 0.056315 0.000000 -0.014823 0.997910 0.062898 10.871300 -0.055488 -0.063629 0.996430 -0.951400 0.000000 0.000000 0.000000 1.000000
0.998381 0.013024 0.055377 0.000000 -0.016536 0.997848 0.063454 10.871300 -0.054431 -0.064267 0.996447 -0.951400 0.000000 0.000000 0.000000 1.000000
0.998508 0.015235 0.052444 0.000000 -0.018643 0.997704 0.065102 10.871300 -0.051332 -0.065983 0.996500 -0.951400 0.000000 0.000000 0.000000 1.000000
0.998622 0.015484 0.050139 0.000000 -0.018781 0.997645 0.065972 10.871300 -0.048999 -0.066823 0.996561 -0.951400 0.000000 0.000000 0.000000 1.000000
0.998767 0.013534 0.047769 0.000000 -0.016717 0.997621 0.066882 10.871300 -0.046750 -0.067599 0.996617 -0.951400 0.000000 0.000000 0.000000 1.000000
0.998853 0.011055 0.046583 0.000000 -0.014177 0.997636 0.067238 10.871300 -0.045729 -0.067821 0.996649 -0.951400 0.000000 0.000000 0.000000 1.000000
0.998840 0.009744 0.047166 -0.000000 -0.012838 0.997755 0.065732 10.871300 -0.046420 -0.066261 0.996722 -0.951400 0.000000 0.000000 0.000000 1.000000
0.998805 0.009339 0.047966 0.000000 -0.012408 0.997867 0.064087 10.871300 -0.047265 -0.064606 0.996791 -0.951400 0.000000 0.000000 0.000000 1.000000
0.998840 0.008253 0.047446 0.000000 -0.011390 0.997739 0.066233 10.871300 -0.046792 -0.066696 0.996676 -0.951400 0.000000 0.000000 0.000000 1.000000
0.998872 0.006071 0.047087 0.000000 -0.009415 0.997423 0.071123 10.871300 -0.046533 -0.071486 0.996356 -0.951400 0.000000 0.000000 0.000000 1.000000
0.998844 0.004683 0.047849 0.000000 -0.008190 0.997271 0.073371 10.871300 -0.047375 -0.073678 0.996156 -0.951400 0.000000 0.000000 0.000000 1.000000
0.998786 0.004955 0.049018 0.000000 -0.008468 0.997388 0.071729 10.871300 -0.048534 -0.072057 0.996219 -0.951400 0.000000 0.000000 0.000000 1.000000
0.998719 0.005963 0.050255 0.000000 -0.009440 0.997557 0.069221 10.871300 -0.049720 -0.069607 0.996335 -0.951400 0.000000 0.000000 0.000000 1.000000
0.998650 0.007053 0.051467 0.000000 -0.010526 0.997662 0.067531 10.871300 -0.050870 -0.067982 0.996389 -0.951400 0.000000 0.000000 0.000000 1.000000
0.998574 0.008181 0.052754 0.000000 -0.011668 0.997742 0.066135 10.871300 -0.052094 -0.066656 0.996415 -0.951400 0.000000 0.000000 0.000000 1.000000
0.998497 0.009295 0.054013 0.000000 -0.012792 0.997819 0.064762 10.871300 -0.053293 -0.065355 0.996438 -0.951400 0.000000 0.000000 0.000000 1.000000</float_array>
        <technique_common>
          <accessor source="#mixamorig_Spine-Matrix-animation-output-transform-array" count="18" stride="16">
            <param type="float4x4"/>
          </accessor>
        </technique_common>
      </source>
      <source id="mixamorig_Spine-Interpolations">
        <Name_array id="mixamorig_Spine-Interpolations-array" count="18">
 LINEAR LINEAR LINEAR LINEAR LINEAR LINEAR LINEAR LINEAR LINEAR LINEAR LINEAR
LINEAR LINEAR LINEAR LINEAR LINEAR LINEAR LINEAR</Name_array>
        <technique_common>
          <accessor source="#mixamorig_Spine-Interpolations-array" count="18">
            <param type="name"/>
          </accessor>
        </technique_common>
      </source>
      <sampler id="mixamorig_Spine-Matrix-animation-transform">
        <input semantic="INPUT" source="#mixamorig_Spine-Matrix-animation-input"/>
        <input semantic="OUTPUT" source="#mixamorig_Spine-Matrix-animation-output-transform"/>
        <input semantic="INTERPOLATION" source="#mixamorig_Spine-Interpolations"/>
      </sampler>
      <channel source="#mixamorig_Spine-Matrix-animation-transform" target="mixamorig_Spine/matrix"/>
    </animation>
    <animation id="mixamorig_Spine1-anim" name="mixamorig_Spine1">
      <source id="mixamorig_Spine1-Matrix-animation-input">
        <float_array id="mixamorig_Spine1-Matrix-animation-input-array" count="18">

0.000000 0.033333 0.066667 0.100000 0.133333 0.166667 0.200000 0.233333 0.266667 0.300000 0.333333 0.366667 0.400000 0.433333 0.466667 0.500000
0.533333 0.566667</float_array>
        <technique_common>
          <accessor source="#mixamorig_Spine1-Matrix-animation-input-array" count="18">
            <param name="TIME" type="float"/>
          </accessor>
        </technique_common>
      </source>
      <source id="mixamorig_Spine1-Matrix-animation-output-transform">
        <float_array id="mixamorig_Spine1-Matrix-animation-output-transform-array" count="288">

0.996547 -0.004378 0.082909 0.000000 0.005432 0.999907 -0.012483 12.731600 -0.082847 0.012890 0.996479 0.000000 0.000000 0.000000 0.000000 1.000000
0.996402 -0.003351 0.084692 0.000000 0.004515 0.999898 -0.013555 12.731600 -0.084637 0.013889 0.996315 -0.000000 0.000000 0.000000 0.000000 1.000000
0.996255 -0.002415 0.086426 0.000000 0.003667 0.999891 -0.014330 12.731600 -0.086382 0.014593 0.996155 0.000000 0.000000 0.000000 0.000000 1.000000
0.996383 -0.000919 0.084967 0.000000 0.002076 0.999906 -0.013535 12.731600 -0.084946 0.013663 0.996292 -0.000000 0.000000 0.000000 0.000000 1.000000
0.996753 0.001733 0.080502 0.000000 -0.000804 0.999933 -0.011565 12.731600 -0.080517 0.011463 0.996687 0.000000 0.000000 0.000000 0.000000 1.000000
0.997026 0.001670 0.077043 0.000000 -0.000984 0.999960 -0.008941 12.731600 -0.077055 0.008839 0.996988 0.000000 0.000000 0.000000 0.000000 1.000000
0.997285 -0.001277 0.073629 -0.000000 0.001640 0.999987 -0.004875 12.731600 -0.073621 0.004982 0.997274 -0.000000 0.000000 0.000000 0.000000 1.000000
0.997392 -0.003980 0.072067 -0.000000 0.004185 0.999988 -0.002693 12.731600 -0.072056 0.002988 0.997396 -0.000000 0.000000 0.000000 0.000000 1.000000
0.997320 -0.004988 0.072986 0.000000 0.005330 0.999976 -0.004495 12.731600 -0.072962 0.004872 0.997323 0.000000 0.000000 0.000000 0.000000 1.000000
0.997235 -0.005227 0.074125 0.000000 0.005768 0.999958 -0.007083 12.731600 -0.074085 0.007491 0.997224 0.000000 0.000000 0.000000 0.000000 1.000000
0.997294 -0.006066 0.073259 0.000000 0.006528 0.999960 -0.006068 12.731600 -0.073220 0.006530 0.997294 -0.000000 0.000000 0.000000 0.000000 1.000000
0.997329 -0.007591 0.072639 0.000000 0.007864 0.999963 -0.003473 12.731600 -0.072610 0.004035 0.997352 0.000000 0.000000 0.000000 0.000000 1.000000
0.997240 -0.008533 0.073758 0.000000 0.008812 0.999955 -0.003470 12.731600 -0.073725 0.004110 0.997270 0.000000 0.000000 0.000000 0.000000 1.000000
0.997104 -0.008249 0.075607 0.000000 0.008717 0.999945 -0.005874 12.731600 -0.075555 0.006516 0.997120 0.000000 0.000000 0.000000 0.000000 1.000000
0.996979 -0.007354 0.077322 0.000000 0.008011 0.999934 -0.008189 12.731600 -0.077257 0.008784 0.996973 -0.000000 0.000000 0.000000 0.000000 1.000000
0.996848 -0.006385 0.079074 -0.000000 0.007172 0.999927 -0.009678 12.731600 -0.079006 0.010215 0.996822 0.000000 0.000000 0.000000 0.000000 1.000000
0.996700 -0.005379 0.081000 0.000000 0.006296 0.999919 -0.011069 12.731600 -0.080934 0.011542 0.996653 0.000000 0.000000 0.000000 0.000000 1.000000
0.996547 -0.004378 0.082909 0.000000 0.005432 0.999907 -0.012483 12.731600 -0.082847 0.012890 0.996479 0.000000 0.000000 0.000000 0.000000 1.000000</float_array>
        <technique_common>
          <accessor source="#mixamorig_Spine1-Matrix-animation-output-transform-array" count="18" stride="16">
            <param type="float4x4"/>
          </accessor>
        </technique_common>
      </source>
      <source id="mixamorig_Spine1-Interpolations">
        <Name_array id="mixamorig_Spine1-Interpolations-array" count="18">
 LINEAR LINEAR LINEAR LINEAR LINEAR LINEAR LINEAR LINEAR LINEAR LINEAR LINEAR
LINEAR LINEAR LINEAR LINEAR LINEAR LINEAR LINEAR</Name_array>
        <technique_common>
          <accessor source="#mixamorig_Spine1-Interpolations-array" count="18">
            <param type="name"/>
          </accessor>
        </technique_common>
      </source>
      <sampler id="mixamorig_Spine1-Matrix-animation-transform">
        <input semantic="INPUT" source="#mixamorig_Spine1-Matrix-animation-input"/>
        <input semantic="OUTPUT" source="#mixamorig_Spine1-Matrix-animation-output-transform"/>
        <input semantic="INTERPOLATION" source="#mixamorig_Spine1-Interpolations"/>
      </sampler>
      <channel source="#mixamorig_Spine1-Matrix-animation-transform" target="mixamorig_Spine1/matrix"/>
    </animation>
    <animation id="mixamorig_Spine2-anim" name="mixamorig_Spine2">
      <source id="mixamorig_Spine2-Matrix-animation-input">
        <float_array id="mixamorig_Spine2-Matrix-animation-input-array" count="18">

0.000000 0.033333 0.066667 0.100000 0.133333 0.166667 0.200000 0.233333 0.266667 0.300000 0.333333 0.366667 0.400000 0.433333 0.466667 0.500000
0.533333 0.566667</float_array>
        <technique_common>
          <accessor source="#mixamorig_Spine2-Matrix-animation-input-array" count="18">
            <param name="TIME" type="float"/>
          </accessor>
        </technique_common>
      </source>
      <source id="mixamorig_Spine2-Matrix-animation-output-transform">
        <float_array id="mixamorig_Spine2-Matrix-animation-output-transform-array" count="288">

0.996529 -0.002649 0.083200 0.000000 0.003601 0.999930 -0.011299 14.550400 -0.083165 0.011559 0.996469 -0.000000 0.000000 0.000000 0.000000 1.000000
0.996381 -0.001550 0.084984 0.000000 0.002607 0.999921 -0.012325 14.550400 -0.084958 0.012502 0.996306 -0.000000 0.000000 0.000000 0.000000 1.000000
0.996233 -0.000545 0.086716 -0.000000 0.001684 0.999913 -0.013054 14.550400 -0.086702 0.013151 0.996148 0.000000 0.000000 0.000000 0.000000 1.000000
0.996362 0.000904 0.085216 0.000000 0.000139 0.999925 -0.012232 14.550400 -0.085221 0.012200 0.996287 0.000000 0.000000 0.000000 0.000000 1.000000
0.996736 0.003421 0.080655 0.000000 -0.002602 0.999944 -0.010264 14.550400 -0.080686 0.010020 0.996689 0.000000 0.000000 0.000000 0.000000 1.000000
0.997014 0.003389 0.077141 0.000000 -0.002806 0.999967 -0.007660 14.550400 -0.077164 0.007421 0.996991 0.000000 0.000000 0.000000 0.000000 1.000000
0.997279 0.000570 0.073716 0.000000 -0.000306 0.999993 -0.003597 14.550400 -0.073718 0.003565 0.997273 0.000000 0.000000 0.000000 0.000000 1.000000
0.997389 -0.002043 0.072187 0.000000 0.002150 0.999997 -0.001404 14.550400 -0.072184 0.001555 0.997390 -0.000000 0.000000 0.000000 0.000000 1.000000
0.997314 -0.002987 0.073181 0.000000 0.003229 0.999990 -0.003187 14.550400 -0.073171 0.003415 0.997314 0.000000 0.000000 0.000000 0.000000 1.000000
0.997224 -0.003207 0.074388 0.000000 0.003646 0.999977 -0.005773 14.550400 -0.074368 0.006029 0.997213 0.000000 0.000000 0.000000 0.000000 1.000000
0.997285 -0.004236 0.073511 0.000000 0.004604 0.999978 -0.004844 14.550400 -0.073489 0.005169 0.997283 0.000000 0.000000 0.000000 0.000000 1.000000
0.997325 -0.006112 0.072840 0.000000 0.006302 0.999977 -0.002383 14.550400 -0.072824 0.002836 0.997341 0.000000 0.000000 0.000000 0.000000 1.000000
0.997236 -0.007258 0.073945 0.000000 0.007460 0.999969 -0.002452 14.550400 -0.073925 0.002997 0.997259 0.000000 0.000000 0.000000 0.000000 1.000000
0.997098 -0.006932 0.075813 -0.000000 0.007321 0.999961 -0.004849 14.550400 -0.075776 0.005390 0.997110 -0.000000 0.000000 0.000000 0.000000 1.000000
0.996969 -0.005859 0.077575 -0.000000 0.006432 0.999954 -0.007136 14.550400 -0.077530 0.007613 0.996961 0.000000 0.000000 0.000000 0.000000 1.000000
0.996836 -0.004764 0.079341 0.000000 0.005462 0.999948 -0.008588 14.550400 -0.079296 0.008994 0.996811 -0.000000 0.000000 0.000000 0.000000 1.000000
0.996684 -0.003719 0.081280 -0.000000 0.004542 0.999940 -0.009932 14.550400 -0.081239 0.010268 0.996642 0.000000 0.000000 0.000000 0.000000 1.000000
0.996529 -0.002649 0.083200 0.000000 0.003601 0.999930 -0.011299 14.550400 -0.083165 0.011559 0.996469 0.000000 0.000000 0.000000 0.000000 1.000000</float_array>
        <technique_common>
          <accessor source="#mixamorig_Spine2-Matrix-animation-output-transform-array" count="18" stride="16">
            <param type="float4x4"/>
          </accessor>
        </technique_common>
      </source>
      <source id="mixamorig_Spine2-Interpolations">
        <Name_array id="mixamorig_Spine2-Interpolations-array" count="18">
 LINEAR LINEAR LINEAR LINEAR LINEAR LINEAR LINEAR LINEAR LINEAR LINEAR LINEAR
LINEAR LINEAR LINEAR LINEAR LINEAR LINEAR LINEAR</Name_array>
        <technique_common>
          <accessor source="#mixamorig_Spine2-Interpolations-array" count="18">
            <param type="name"/>
          </accessor>
        </technique_common>
      </source>
      <sampler id="mixamorig_Spine2-Matrix-animation-transform">
        <input semantic="INPUT" source="#mixamorig_Spine2-Matrix-animation-input"/>
        <input semantic="OUTPUT" source="#mixamorig_Spine2-Matrix-animation-output-transform"/>
        <input semantic="INTERPOLATION" source="#mixamorig_Spine2-Interpolations"/>
      </sampler>
      <channel source="#mixamorig_Spine2-Matrix-animation-transform" target="mixamorig_Spine2/matrix"/>
    </animation>
    <animation id="mixamorig_Neck-anim" name="mixamorig_Neck">
      <source id="mixamorig_Neck-Matrix-animation-input">
        <float_array id="mixamorig_Neck-Matrix-animation-input-array" count="18">

0.000000 0.033333 0.066667 0.100000 0.133333 0.166667 0.200000 0.233333 0.266667 0.300000 0.333333 0.366667 0.400000 0.433333 0.466667 0.500000
0.533333 0.566667</float_array>
        <technique_common>
          <accessor source="#mixamorig_Neck-Matrix-animation-input-array" count="18">
            <param name="TIME" type="float"/>
          </accessor>
        </technique_common>
      </source>
      <source id="mixamorig_Neck-Matrix-animation-output-transform">
        <float_array id="mixamorig_Neck-Matrix-animation-output-transform-array" count="288">

0.992002 -0.070317 0.104822 0.000000 0.100796 0.941175 -0.322538 16.369200 -0.075975 0.330524 0.940735 0.000000 0.000000 0.000000 0.000000 1.000000
0.991950 -0.068205 0.106695 0.000000 0.099249 0.942026 -0.320525 16.369200 -0.078648 0.328534 0.941212 0.000000 0.000000 0.000000 0.000000 1.000000
0.991941 -0.065062 0.108722 0.000000 0.096807 0.942782 -0.319046 16.369200 -0.081744 0.327000 0.941482 0.000000 0.000000 0.000000 0.000000 1.000000
0.991306 -0.075899 0.107481 -0.000000 0.106265 0.943517 -0.313822 16.369200 -0.077591 0.322515 0.943379 0.000000 0.000000 0.000000 0.000000 1.000000
0.989499 -0.101556 0.102847 -0.000000 0.128161 0.945467 -0.299445 16.369200 -0.066828 0.309482 0.948554 0.000000 0.000000 0.000000 0.000000 1.000000
0.988492 -0.112803 0.100787 0.000000 0.137445 0.948029 -0.286968 16.369200 -0.063178 0.297518 0.952623 -0.000000 0.000000 0.000000 0.000000 1.000000
0.989056 -0.108532 0.099947 0.000000 0.133006 0.949070 -0.285616 16.369200 -0.063858 0.295783 0.953118 0.000000 0.000000 0.000000 0.000000 1.000000
0.990288 -0.098308 0.098310 0.000000 0.123284 0.947797 -0.294077 16.369200 -0.064268 0.303341 0.950712 -0.000000 0.000000 0.000000 0.000000 1.000000
0.990865 -0.094123 0.096575 0.000000 0.119178 0.946311 -0.300487 16.369200 -0.063108 0.309252 0.948884 0.000000 0.000000 0.000000 0.000000 1.000000
0.990822 -0.094087 0.097049 0.000000 0.119504 0.945253 -0.303672 16.369200 -0.063164 0.312482 0.947821 -0.000000 0.000000 0.000000 0.000000 1.000000
0.990969 -0.091680 0.097849 0.000000 0.118112 0.942275 -0.313316 16.369200 -0.063476 0.322044 0.944594 0.000000 0.000000 0.000000 0.000000 1.000000
0.991491 -0.086120 0.097619 0.000000 0.113791 0.937590 -0.328597 16.369200 -0.063228 0.336909 0.939412 0.000000 0.000000 0.000000 0.000000 1.000000
0.991891 -0.081383 0.097621 0.000000 0.109848 0.935287 -0.336410 16.369200 -0.063926 0.344405 0.936642 0.000000 0.000000 0.000000 0.000000 1.000000
0.992003 -0.078505 0.098828 -0.000000 0.107391 0.936393 -0.334118 16.369200 -0.066312 0.342059 0.937336 -0.000000 0.000000 0.000000 0.000000 1.000000
0.992019 -0.076073 0.100559 0.000000 0.105322 0.938406 -0.329092 16.369200 -0.069330 0.337057 0.938928 0.000000 0.000000 0.000000 0.000000 1.000000
0.992041 -0.073836 0.101991 0.000000 0.103459 0.939676 -0.326044 16.369200 -0.071764 0.334001 0.939837 0.000000 0.000000 0.000000 0.000000 1.000000
0.992048 -0.071975 0.103251 0.000000 0.101989 0.940416 -0.324372 16.369200 -0.073753 0.332323 0.940278 -0.000000 0.000000 0.000000 0.000000 1.000000
0.992002 -0.070317 0.104822 0.000000 0.100796 0.941175 -0.322538 16.369200 -0.075975 0.330524 0.940735 0.000000 0.000000 0.000000 0.000000 1.000000</float_array>
        <technique_common>
          <accessor source="#mixamorig_Neck-Matrix-animation-output-transform-array" count="18" stride="16">
            <param type="float4x4"/>
          </accessor>
        </technique_common>
      </source>
      <source id="mixamorig_Neck-Interpolations">
        <Name_array id="mixamorig_Neck-Interpolations-array" count="18">
 LINEAR LINEAR LINEAR LINEAR LINEAR LINEAR LINEAR LINEAR LINEAR LINEAR LINEAR
LINEAR LINEAR LINEAR LINEAR LINEAR LINEAR LINEAR</Name_array>
        <technique_common>
          <accessor source="#mixamorig_Neck-Interpolations-array" count="18">
            <param type="name"/>
          </accessor>
        </technique_common>
      </source>
      <sampler id="mixamorig_Neck-Matrix-animation-transform">
        <input semantic="INPUT" source="#mixamorig_Neck-Matrix-animation-input"/>
        <input semantic="OUTPUT" source="#mixamorig_Neck-Matrix-animation-output-transform"/>
        <input semantic="INTERPOLATION" source="#mixamorig_Neck-Interpolations"/>
      </sampler>
      <channel source="#mixamorig_Neck-Matrix-animation-transform" target="mixamorig_Neck/matrix"/>
    </animation>
    <animation id="mixamorig_Head-anim" name="mixamorig_Head">
      <source id="mixamorig_Head-Matrix-animation-input">
        <float_array id="mixamorig_Head-Matrix-animation-input-array" count="18">

0.000000 0.033333 0.066667 0.100000 0.133333 0.166667 0.200000 0.233333 0.266667 0.300000 0.333333 0.366667 0.400000 0.433333 0.466667 0.500000
0.533333 0.566667</float_array>
        <technique_common>
          <accessor source="#mixamorig_Head-Matrix-animation-input-array" count="18">
            <param name="TIME" type="float"/>
          </accessor>
        </technique_common>
      </source>
      <source id="mixamorig_Head-Matrix-animation-output-transform">
        <float_array id="mixamorig_Head-Matrix-animation-output-transform-array" count="288">

0.782962 0.052520 0.619848 -0.000000 -0.110145 0.992390 0.055044 6.116700 -0.612241 -0.111370 0.782789 2.423300 0.000000 0.000000 0.000000 1.000000
0.779702 0.045961 0.624462 0.000000 -0.111866 0.991482 0.066702 6.116700 -0.616077 -0.121863 0.778202 2.423300 0.000000 0.000000 0.000000 1.000000
0.776407 0.038575 0.629050 0.000000 -0.112976 0.990476 0.078702 6.116700 -0.620023 -0.132172 0.773371 2.423300 0.000000 0.000000 0.000000 1.000000
0.777976 0.035622 0.627284 -0.000000 -0.106460 0.991429 0.075734 6.116700 -0.619209 -0.125700 0.775100 2.423300 0.000000 0.000000 0.000000 1.000000
0.784039 0.036595 0.619632 -0.000000 -0.086702 0.994931 0.050947 6.116700 -0.614626 -0.093668 0.783238 2.423300 0.000000 0.000000 0.000000 1.000000
0.784260 0.043309 0.618919 -0.000000 -0.073319 0.997040 0.023138 6.116700 -0.616085 -0.063525 0.785114 2.423300 0.000000 0.000000 0.000000 1.000000
0.783332 0.062392 0.618464 0.000000 -0.076348 0.997074 -0.003886 6.116700 -0.616897 -0.044174 0.785803 2.423300 0.000000 0.000000 0.000000 1.000000
0.786982 0.081302 0.611595 -0.000000 -0.088579 0.995899 -0.018409 6.116700 -0.610584 -0.039687 0.790957 2.423300 0.000000 0.000000 0.000000 1.000000
0.791364 0.088919 0.604844 0.000000 -0.095102 0.995227 -0.021882 6.116700 -0.603903 -0.040205 0.796043 2.423300 0.000000 0.000000 0.000000 1.000000
0.790775 0.085271 0.606138 0.000000 -0.092380 0.995532 -0.019530 6.116700 -0.605095 -0.040551 0.795120 2.423300 0.000000 0.000000 0.000000 1.000000
0.789610 0.081411 0.608184 0.000000 -0.087909 0.995944 -0.019183 6.116700 -0.607279 -0.038318 0.793564 2.423300 0.000000 0.000000 0.000000 1.000000
0.791241 0.080742 0.606150 0.000000 -0.087125 0.996017 -0.018945 6.116700 -0.605266 -0.037820 0.795125 2.423300 0.000000 0.000000 0.000000 1.000000
0.792570 0.079433 0.604585 0.000000 -0.089726 0.995879 -0.013218 6.116700 -0.603144 -0.043771 0.796431 2.423300 0.000000 0.000000 0.000000 1.000000
0.791406 0.075016 0.606670 0.000000 -0.094827 0.995494 0.000608 6.116700 -0.603891 -0.058010 0.794953 2.423300 0.000000 0.000000 0.000000 1.000000
0.788938 0.069573 0.610522 0.000000 -0.100822 0.994760 0.016926 6.116700 -0.606145 -0.074908 0.791818 2.423300 0.000000 0.000000 0.000000 1.000000
0.786959 0.064589 0.613615 0.000000 -0.105214 0.993988 0.030309 6.116700 -0.607968 -0.088413 0.789023 2.423300 0.000000 0.000000 0.000000 1.000000
0.785382 0.059048 0.616188 0.000000 -0.107971 0.993248 0.042436 6.116700 -0.609522 -0.099859 0.786455 2.423300 0.000000 0.000000 0.000000 1.000000
0.782962 0.052520 0.619848 -0.000000 -0.110144 0.992390 0.055044 6.116700 -0.612241 -0.111370 0.782789 2.423300 0.000000 0.000000 0.000000 1.000000</float_array>
        <technique_common>
          <accessor source="#mixamorig_Head-Matrix-animation-output-transform-array" count="18" stride="16">
            <param type="float4x4"/>
          </accessor>
        </technique_common>
      </source>
      <source id="mixamorig_Head-Interpolations">
        <Name_array id="mixamorig_Head-Interpolations-array" count="18">
 LINEAR LINEAR LINEAR LINEAR LINEAR LINEAR LINEAR LINEAR LINEAR LINEAR LINEAR
LINEAR LINEAR LINEAR LINEAR LINEAR LINEAR LINEAR</Name_array>
        <technique_common>
          <accessor source="#mixamorig_Head-Interpolations-array" count="18">
            <param type="name"/>
          </accessor>
        </technique_common>
      </source>
      <sampler id="mixamorig_Head-Matrix-animation-transform">
        <input semantic="INPUT" source="#mixamorig_Head-Matrix-animation-input"/>
        <input semantic="OUTPUT" source="#mixamorig_Head-Matrix-animation-output-transform"/>
        <input semantic="INTERPOLATION" source="#mixamorig_Head-Interpolations"/>
      </sampler>
      <channel source="#mixamorig_Head-Matrix-animation-transform" target="mixamorig_Head/matrix"/>
    </animation>
    <animation id="mixamorig_LeftShoulder-anim" name="mixamorig_LeftShoulder">
      <source id="mixamorig_LeftShoulder-Matrix-animation-input">
        <float_array id="mixamorig_LeftShoulder-Matrix-animation-input-array" count="18">

0.000000 0.033333 0.066667 0.100000 0.133333 0.166667 0.200000 0.233333 0.266667 0.300000 0.333333 0.366667 0.400000 0.433333 0.466667 0.500000
0.533333 0.566667</float_array>
        <technique_common>
          <accessor source="#mixamorig_LeftShoulder-Matrix-animation-input-array" count="18">
            <param name="TIME" type="float"/>
          </accessor>
        </technique_common>
      </source>
      <source id="mixamorig_LeftShoulder-Matrix-animation-output-transform">
        <float_array id="mixamorig_LeftShoulder-Matrix-animation-output-transform-array" count="288">

0.010200 0.981290 -0.192264 7.670600 0.004137 -0.192314 -0.981325 14.260400 -0.999939 0.009214 -0.006021 -0.343700 0.000000 0.000000 0.000000 1.000000
0.014021 0.981690 -0.189971 7.670600 0.004445 -0.190049 -0.981765 14.260400 -0.999892 0.012921 -0.007029 -0.343700 0.000000 0.000000 0.000000 1.000000
0.015861 0.981977 -0.188333 7.670600 0.004567 -0.188426 -0.982077 14.260400 -0.999864 0.014716 -0.007474 -0.343700 0.000000 0.000000 0.000000 1.000000
0.024651 0.984327 -0.174622 7.670600 0.004864 -0.174791 -0.984594 14.260400 -0.999684 0.023422 -0.009096 -0.343700 0.000000 0.000000 0.000000 1.000000
0.036183 0.987639 -0.152514 7.670600 0.005283 -0.152801 -0.988243 14.260400 -0.999331 0.034952 -0.010747 -0.343700 0.000000 0.000000 0.000000 1.000000
0.027230 0.989180 -0.144158 7.670600 0.003818 -0.144314 -0.989525 14.260400 -0.999622 0.026395 -0.007707 -0.343700 0.000000 0.000000 0.000000 1.000000
0.002423 0.989355 -0.145504 7.670600 0.000745 -0.145506 -0.989357 14.260400 -0.999997 0.002289 -0.001090 -0.343700 0.000000 0.000000 0.000000 1.000000
-0.018563 0.987742 -0.154988 7.670600 -0.001262 -0.155038 -0.987908 14.260400 -0.999827 -0.018143 0.004125 -0.343700 0.000000 0.000000 0.000000 1.000000
-0.024461 0.986164 -0.163959 7.670600 -0.001345 -0.164040 -0.986453 14.260400 -0.999700 -0.023909 0.005339 -0.343700 0.000000 0.000000 0.000000 1.000000
-0.021306 0.985612 -0.167677 7.670600 -0.000700 -0.167729 -0.985833 14.260400 -0.999773 -0.020886 0.004263 -0.343700 0.000000 0.000000 0.000000 1.000000
-0.014596 0.984152 -0.176725 7.670600 0.000658 -0.176735 -0.984258 14.260400 -0.999893 -0.014483 0.001932 -0.343700 0.000000 0.000000 0.000000 1.000000
-0.005608 0.980794 -0.194966 7.670600 0.002700 -0.194954 -0.980809 14.260400 -0.999981 -0.006027 -0.001555 -0.343700 0.000000 0.000000 0.000000 1.000000
0.001390 0.978383 -0.206795 7.670600 0.004047 -0.206799 -0.978375 14.260400 -0.999991 0.000523 -0.004247 -0.343700 0.000000 0.000000 0.000000 1.000000
0.004950 0.978613 -0.205649 7.670600 0.004321 -0.205670 -0.978612 14.260400 -0.999978 0.003955 -0.005247 -0.343700 0.000000 0.000000 0.000000 1.000000
0.006393 0.979740 -0.200173 7.670600 0.004167 -0.200201 -0.979746 14.260400 -0.999971 0.005429 -0.005362 -0.343700 0.000000 0.000000 0.000000 1.000000
0.007525 0.980491 -0.196418 7.670600 0.004080 -0.196452 -0.980505 14.260400 -0.999963 0.006577 -0.005478 -0.343700 0.000000 0.000000 0.000000 1.000000
0.008354 0.980883 -0.194419 7.670600 0.004053 -0.194457 -0.980903 14.260400 -0.999957 0.007406 -0.005600 -0.343700 0.000000 0.000000 0.000000 1.000000
0.010200 0.981290 -0.192265 7.670600 0.004137 -0.192315 -0.981325 14.260400 -0.999939 0.009214 -0.006021 -0.343700 0.000000 0.000000 0.000000 1.000000</float_array>
        <technique_common>
          <accessor source="#mixamorig_LeftShoulder-Matrix-animation-output-transform-array" count="18" stride="16">
            <param type="float4x4"/>
          </accessor>
        </technique_common>
      </source>
      <source id="mixamorig_LeftShoulder-Interpolations">
        <Name_array id="mixamorig_LeftShoulder-Interpolations-array" count="18">
 LINEAR LINEAR LINEAR LINEAR LINEAR LINEAR LINEAR LINEAR LINEAR LINEAR LINEAR
LINEAR LINEAR LINEAR LINEAR LINEAR LINEAR LINEAR</Name_array>
        <technique_common>
          <accessor source="#mixamorig_LeftShoulder-Interpolations-array" count="18">
            <param type="name"/>
          </accessor>
        </technique_common>
      </source>
      <sampler id="mixamorig_LeftShoulder-Matrix-animation-transform">
        <input semantic="INPUT" source="#mixamorig_LeftShoulder-Matrix-animation-input"/>
        <input semantic="OUTPUT" source="#mixamorig_LeftShoulder-Matrix-animation-output-transform"/>
        <input semantic="INTERPOLATION" source="#mixamorig_LeftShoulder-Interpolations"/>
      </sampler>
      <channel source="#mixamorig_LeftShoulder-Matrix-animation-transform" target="mixamorig_LeftShoulder/matrix"/>
    </animation>
    <animation id="mixamorig_LeftArm-anim" name="mixamorig_LeftArm">
      <source id="mixamorig_LeftArm-Matrix-animation-input">
        <float_array id="mixamorig_LeftArm-Matrix-animation-input-array" count="18">

0.000000 0.033333 0.066667 0.100000 0.133333 0.166667 0.200000 0.233333 0.266667 0.300000 0.333333 0.366667 0.400000 0.433333 0.466667 0.500000
0.533333 0.566667</float_array>
        <technique_common>
          <accessor source="#mixamorig_LeftArm-Matrix-animation-input-array" count="18">
            <param name="TIME" type="float"/>
          </accessor>
        </technique_common>
      </source>
      <source id="mixamorig_LeftArm-Matrix-animation-output-transform">
        <float_array id="mixamorig_LeftArm-Matrix-animation-output-transform-array" count="288">

0.731262 -0.551339 -0.401599 0.268400 0.250862 0.764893 -0.593301 12.583500 0.634291 0.333113 0.697647 1.717000 0.000000 0.000000 0.000000 1.000000
0.726077 -0.545811 -0.418214 0.268400 0.246685 0.774488 -0.582507 12.583500 0.641840 0.319778 0.696981 1.717000 0.000000 0.000000 0.000000 1.000000
0.721809 -0.542468 -0.429791 0.268400 0.248782 0.782864 -0.570291 12.583500 0.645832 0.304716 0.700035 1.717000 0.000000 0.000000 0.000000 1.000000
0.727954 -0.538007 -0.425008 0.268400 0.232076 0.776643 -0.585633 12.583500 0.645154 0.327680 0.690219 1.717000 0.000000 0.000000 0.000000 1.000000
0.747425 -0.540609 -0.386132 0.268400 0.210842 0.744200 -0.633807 12.583500 0.630001 0.392310 0.670217 1.717000 0.000000 0.000000 0.000000 1.000000
0.748771 -0.570904 -0.336765 0.268400 0.231718 0.701475 -0.673973 12.583500 0.621006 0.426617 0.657533 1.717000 0.000000 0.000000 0.000000 1.000000
0.724477 -0.622573 -0.295865 0.268400 0.279479 0.657668 -0.699545 12.583500 0.630099 0.424116 0.650461 1.717000 0.000000 0.000000 0.000000 1.000000
0.704614 -0.656779 -0.268628 0.268400 0.324151 0.634680 -0.701504 12.583500 0.631225 0.407213 0.660100 1.717000 0.000000 0.000000 0.000000 1.000000
0.709843 -0.656172 -0.256050 0.268400 0.344263 0.640350 -0.686611 12.583500 0.614496 0.399237 0.680444 1.717000 0.000000 0.000000 0.000000 1.000000
0.726087 -0.633276 -0.267881 0.268400 0.333754 0.665203 -0.667917 12.583500 0.601171 0.395559 0.694354 1.717000 0.000000 0.000000 0.000000 1.000000
0.740066 -0.608714 -0.285952 0.268400 0.314728 0.689222 -0.652625 12.583500 0.594347 0.392989 0.701649 1.717000 0.000000 0.000000 0.000000 1.000000
0.750711 -0.589587 -0.298027 0.268400 0.303803 0.708696 -0.636752 12.583500 0.586631 0.387476 0.711144 1.717000 0.000000 0.000000 0.000000 1.000000
0.754783 -0.578682 -0.308918 0.268400 0.297433 0.721648 -0.625106 12.583500 0.584668 0.379937 0.716806 1.717000 0.000000 0.000000 0.000000 1.000000
0.753115 -0.572808 -0.323587 0.268400 0.289380 0.730145 -0.618988 12.583500 0.590828 0.372529 0.715643 1.717000 0.000000 0.000000 0.000000 1.000000
0.749618 -0.566994 -0.341453 0.268400 0.278806 0.738393 -0.614039 12.583500 0.600283 0.365095 0.711594 1.717000 0.000000 0.000000 0.000000 1.000000
0.744548 -0.560557 -0.362524 0.268400 0.266331 0.747388 -0.608671 12.583500 0.612141 0.356633 0.705759 1.717000 0.000000 0.000000 0.000000 1.000000
0.737671 -0.555759 -0.383371 0.268400 0.256781 0.756091 -0.601988 12.583500 0.624424 0.345627 0.700455 1.717000 0.000000 0.000000 0.000000 1.000000
0.731262 -0.551339 -0.401599 0.268400 0.250862 0.764893 -0.593301 12.583500 0.634291 0.333112 0.697647 1.717000 0.000000 0.000000 0.000000 1.000000</float_array>
        <technique_common>
          <accessor source="#mixamorig_LeftArm-Matrix-animation-output-transform-array" count="18" stride="16">
            <param type="float4x4"/>
          </accessor>
        </technique_common>
      </source>
      <source id="mixamorig_LeftArm-Interpolations">
        <Name_array id="mixamorig_LeftArm-Interpolations-array" count="18">
 LINEAR LINEAR LINEAR LINEAR LINEAR LINEAR LINEAR LINEAR LINEAR LINEAR LINEAR
LINEAR LINEAR LINEAR LINEAR LINEAR LINEAR LINEAR</Name_array>
        <technique_common>
          <accessor source="#mixamorig_LeftArm-Interpolations-array" count="18">
            <param type="name"/>
          </accessor>
        </technique_common>
      </source>
      <sampler id="mixamorig_LeftArm-Matrix-animation-transform">
        <input semantic="INPUT" source="#mixamorig_LeftArm-Matrix-animation-input"/>
        <input semantic="OUTPUT" source="#mixamorig_LeftArm-Matrix-animation-output-transform"/>
        <input semantic="INTERPOLATION" source="#mixamorig_LeftArm-Interpolations"/>
      </sampler>
      <channel source="#mixamorig_LeftArm-Matrix-animation-transform" target="mixamorig_LeftArm/matrix"/>
    </animation>
    <animation id="mixamorig_LeftForeArm-anim" name="mixamorig_LeftForeArm">
      <source id="mixamorig_LeftForeArm-Matrix-animation-input">
        <float_array id="mixamorig_LeftForeArm-Matrix-animation-input-array" count="18">

0.000000 0.033333 0.066667 0.100000 0.133333 0.166667 0.200000 0.233333 0.266667 0.300000 0.333333 0.366667 0.400000 0.433333 0.466667 0.500000
0.533333 0.566667</float_array>
        <technique_common>
          <accessor source="#mixamorig_LeftForeArm-Matrix-animation-input-array" count="18">
            <param name="TIME" type="float"/>
          </accessor>
        </technique_common>
      </source>
      <source id="mixamorig_LeftForeArm-Matrix-animation-output-transform">
        <float_array id="mixamorig_LeftForeArm-Matrix-animation-output-transform-array" count="288">

0.200314 -0.976461 0.079996 -0.009100 0.978682 0.195651 -0.062472 24.938299 0.045350 0.090804 0.994836 -0.908100 0.000000 0.000000 0.000000 1.000000
0.216900 -0.973047 0.078320 -0.009100 0.975210 0.212382 -0.062121 24.938299 0.043813 0.089852 0.994991 -0.908100 0.000000 0.000000 0.000000 1.000000
0.235954 -0.968757 0.076394 -0.009100 0.970854 0.231600 -0.061681 24.938299 0.042061 0.088721 0.995168 -0.908100 0.000000 0.000000 0.000000 1.000000
0.213861 -0.973695 0.078627 -0.009100 0.975868 0.209317 -0.062188 24.938299 0.044094 0.090029 0.994963 -0.908100 0.000000 0.000000 0.000000 1.000000
0.121592 -0.988676 0.087951 -0.009100 0.991175 0.116229 -0.063735 24.938299 0.052790 0.094924 0.994084 -0.908100 0.000000 0.000000 0.000000 1.000000
0.077549 -0.992697 0.092402 -0.009100 0.995355 0.071784 -0.064157 24.938299 0.057056 0.096948 0.993653 -0.908100 0.000000 0.000000 0.000000 1.000000
0.117642 -0.989118 0.088350 -0.009100 0.991632 0.112244 -0.063781 24.938299 0.053170 0.095114 0.994045 -0.908100 0.000000 0.000000 0.000000 1.000000
0.162313 -0.983171 0.083836 -0.009100 0.985526 0.157316 -0.063164 24.938299 0.048912 0.092875 0.994476 -0.908100 0.000000 0.000000 0.000000 1.000000
0.149616 -0.985073 0.085119 -0.009100 0.987473 0.144506 -0.063361 24.938299 0.050115 0.093532 0.994354 -0.908100 0.000000 0.000000 0.000000 1.000000
